0.9999999999572599
0.999999999955093
0.9999999999523482
0.9999999999489556
0.9999999999448241
0.9999999999398379
0.9999999999338587
0.9999999999283193
0.9999999999232875
0.9999999999221719
0.9999999999154116
0.9999999998993562
0.9999999998783222
0.9999999998518223
0.9999999998194625
0.9999999997752541
0.9999999996971822
0.9999999991952079
0.9999999989268861
0.9999999996321082
0.9999999986801232
0.9999999970779914
0.9999999998560468
0.9999999998476976
0.9999999999171467
0.9999999994878929
0.999999999406896
0.9999999987692375
0.9999999999776089
0.9999999999467628
0.9999999999656691
0.9806601872884346
0.9561978011268187
0.9331373585519286
0.911369478362085
0.8907959938133636
0.8713285575433052
0.8528874516011178
0.8354005579204054
0.8188024835417804
0.8030337950322163
0.7880403629143367
0.7737727832190124
0.7601858831143167
0.7472382750874051
0.73489197979874
0.7231120777674109
0.7118664196276983
0.7011253616215053
0.6908615249665786
0.6810495865879422
0.6716661027075503
0.6626893353943986
0.6540991062004065
0.6458766631375413
0.6380045608204699
0.6304665548322422
0.6232475011353135
0.6163332733878263
0.6097106785349045
0.6033673896691171
0.5972918805778936
0.5914733630214781
0.5859017375689786
0.5805675391804517
0.5754619002547845
0.5705765029893395
0.5659035463560212
0.5614357083605014
0.5571661194498145
0.5530883325911506
0.5491962936622697
0.5454843211787922
0.5419470800858722
0.5385795681960274
0.5353770932347417
0.5323352538174583
0.5294499274146697
0.5267172541577656
0.5241336233493458
0.5216956619556928
0.5194002224640006
0.5172443738597645
0.5152253898530309
0.5133407423701158
0.5115880924077723
0.5099652831027482
0.5084703329897817
0.5071014299170716
0.5058569256579675
0.5047353308755237
0.5037353119902459
0.5028556824482191
0.5020954069910106
0.5014535925504613
0.5009294891983496
0.5005224832939207
0.5002321030742605
0.5000580101992093
0.5000000001995435