1
1
1
1
1
1
1
1
1
1
1
1
1
1
1
1
1
1
1
1
1
1
1
1
1
1
1
1
1
1
1
0.980660185812808
0.95619780026064
0.9331373583502839
0.9113694778721805
0.8907959930047609
0.8713285574094213
0.85288745116251
0.8354005576535358
0.8188024828621434
0.8030337944281694
0.7880403619332605
0.7737727830354246
0.76018588270525
0.7472382749323044
0.7348919780016269
0.7231120758607796
0.711866419268392
0.7011253613835206
0.6908615232594755
0.6810495853763588
0.6716661019076726
0.6626893348874943
0.6540991058416366
0.6458766627816732
0.638004560745124
0.6304665543069286
0.6232475006935859
0.6163332723077034
0.6097106776219308
0.6033673895312714
0.5972918803648204
0.5914733628547889
0.5859017364445244
0.5805675383900041
0.575461899172602
0.5705765017961206
0.5659035445893048
0.5614357071772843
0.5571661193224182
0.553088332367581
0.5491962930435961
0.5454843194278194
0.5419470788632477
0.5385795676673201
0.5353770924771654
0.5323352530936613
0.5294499267005862
0.5267172533475517
0.5241336225964958
0.5216956612414531
0.5194002220202271
0.5172443732446054
0.515225389282974
0.5133407418357105
0.5115880919496287
0.5099652827231024
0.5084703326583649
0.5071014296219193
0.5058569253780599
0.5047353306642371
0.5037353107804381
0.5028556816679345
0.5020954064557136
0.5014535924556655
0.5009294885902008
0.5005224832384209
0.5002321024892961
0.5000580087925378
0.5