0.9999999999752863
0.9999999997313365
0.9999999998957022
0.9999999998873765
0.9999999998867387
0.9999999997895958
0.9999999999772843
0.9999999993548115
0.999999999984321
0.9999999998903646
0.9999999998530842
0.9999999999382853
0.999999999924427
0.9999999999301741
0.9999999999465095
0.9999999999613791
0.9999999999721733
0.999999999980578
0.9999999999877784
0.9999999993619357
0.9999999997438875
0.9999999999091682
0.9999999999582521
0.9999999991595134
0.9999999995789601
0.9999999987468888
0.9999999994051916
0.9999999997448357
0.9999999994597767
0.9999999996927063
0.9999999995999382
0.9806601868018022
0.9561978012033023
0.9331373588906683
0.9113694781079822
0.8907959938878529
0.8713285574366592
0.8528874513445972
0.835400557691472
0.8188024823817788
0.8030337944413865
0.7880403622574979
0.7737727835206349
0.760185883447386
0.7472382751383273
0.7348919796467547
0.7231120757068229
0.711866418943694
0.7011253614031241
0.6908615233071032
0.6810495854379675
0.6716661030056975
0.6626893349188743
0.654099106523408
0.6458766634393235
0.6380045609545978
0.6304665543507919
0.6232475021579832
0.6163332732347705
0.6097106782391288
0.6033673899674048
0.5972918806799423
0.591473363125953
0.5859017366712853
0.5805675385414732
0.5754618992496342
0.570576501813801
0.5659035445659669
0.5614357071289925
0.557166119261218
0.553088332298703
0.5491962929665234
0.545484319339062
0.5419470787641495
0.5385795675753835
0.535377092417683
0.5323352530753407
0.5294499267017997
0.5267172533363682
0.5241336225554963
0.5216956611696462
0.5194002219263385
0.5172443731393699
0.5152253891762933
0.5133407417348419
0.5115880918597645
0.5099652826473464
0.5084703325987829
0.5071014295791487
0.5058569253520162
0.5047353306539648
0.5037353107844358
0.5028556816838262
0.5020954064788727
0.5014535924777579
0.5009294885962181
0.5005224832049012
0.5002321024040626
0.5000580087239858
0.500000000328122