0.9999999998010426
0.9999999998018629
0.9999999998029507
0.9999999998045008
0.9999999998068076
0.9999999998101633
0.9999999998146651
0.9999999998200202
0.9999999998254907
0.9999999998300291
0.9999999998325155
0.9999999998319928
0.9999999998278721
0.9999999998201093
0.9999999998093486
0.9999999997969709
0.9999999997849918
0.9999999997758287
0.9999999997720799
0.9999999996988757
0.9999999996956288
0.9999999998172147
0.9999999998470315
0.9999999997265222
0.9999999995669452
0.9999999999912175
0.999999999983925
0.9999999999762361
0.999999999969024
0.9999999999627642
0.9999999999583994
0.9999999999529048
0.9999999999471071
0.9999999999416891
0.999999999936793
0.9999999999326583
0.999999999929579
0.999999999928316
0.9999999999305877
0.9999999999571392
0.9999999997961485
0.9999999992293719
0.9999999982887376
0.9999999998073619
0.996317700404635
0.9798559706827099
0.9641494344732517
0.9491552254887001
0.9348338152191666
0.9211486977446036
0.9080661139156558
0.8955548026128862
0.8835857799316509
0.8721321412019595
0.8611688837749594
0.8506727477101639
0.8406220724431552
0.8309966676103621
0.8217776964178375
0.8129475708437621
0.8044898533978414
0.7963891744322104
0.7886311510120327
0.7812023157309593
0.7740900515970489
0.7672825325830492
0.7607686693606464
0.7545380597013999
0.7485809431045265
0.7428881592528822
0.737451109936726
0.732261724130322
0.7273124259367167
0.722596105146539
0.7181060901886233
0.7138361232432513
0.7097803373749882
0.7059332354957727
0.7022896710052426
0.6988448299860965
0.6955942148304397
0.6925336291887001
0.6896591641432532
0.6869671855185826
0.6844543222484724
0.6821174557286049
0.6799537100900621
0.677960443335727
0.6761352392851903
0.6744759002905418
0.6729804406711303
0.6716470808267958
0.6704742420124208
0.6694605417330535
0.6686047897376639
0.6679059845849945
0.6673633107841228
0.6669761364543054
0.6667440115287513
0.6666666664770744