0.031415926535897934
0.039031908726418645
0.046647890916939355
0.05426387310746006
0.061879855297980776
0.0694958374885015
0.0771118196790222
0.0847278018695429
0.0923437840600636
0.09995976625058432
0.10757574844110504
0.11519173063162574
0.12280771282214645
0.13042369501266715
0.13803967720318788
0.1456556593937086
0.1532716415842293
0.16088762377475002
0.1685036059652707
0.17611958815579143
0.18373557034631216
0.19135155253683284
0.19896753472735357
0.20658351691787424
0.21419949910839498
0.2218154812989157
0.22943146348943638
0.23704744567995711
0.2446634278704778
0.2522794100609985
0.25989539225151925
0.26751137444203993
0.27512735663256066
0.28274333882308134
0.29035932101360207
0.2979753032041228
0.3055912853946435
0.3132072675851642
0.3208232497756849
0.3284392319662056
0.33605521415672635
0.343671196347247
0.35128717853776775
0.3589031607282885
0.36651914291880916
0.3741351251093299
0.38175110729985057
0.3893670894903713
0.396983071680892
0.4045990538714127
0.41221503606193344
0.4198310182524541
0.42744700044297484
0.4350629826334955
0.44267896482401625
0.450294947014537
0.45791092920505766
0.4655269113955784
0.47314289358609907
0.4807588757766198
0.48837485796714053
0.4959908401576612
0.503606822348182
0.5112228045387026
0.5188387867292233
0.5264547689197442
0.5340707511102648
0.5416867333007855
0.5493027154913063
0.556918697681827
0.5645346798723477
0.5721506620628684
0.5797666442533891
0.5873826264439098
0.5949986086344305
0.6026145908249513
0.6102305730154719
0.6178465552059926
0.6254625373965134
0.6330785195870341
0.6406945017775548
0.6483104839680754
0.6559264661585962
0.6635424483491169
0.6711584305396376
0.6787744127301583
0.6863903949206791
0.6940063771111998
0.7016223593017205
0.7092383414922411
0.7168543236827619
0.7244703058732826
0.7320862880638033
0.7397022702543241
0.7473182524448447
0.7549342346353655
0.7625502168258861
0.7701661990164069
0.7777821812069275
0.7853981633974482