0.36721350071075004
0.3871318689100232
0.4065406062676249
0.4254073736336315
0.4437645695410564
0.4615312203705523
0.479003180174305
0.49631545001493627
0.5134668072045193
0.5304690523456727
0.5473378548188229
0.5640652584660317
0.5806399035143579
0.5970505916298335
0.6132861326254349
0.6293354563377538
0.6451876620528068
0.6608318736758447
0.6762573618061634
0.6914535307026092
0.7064098310313994
0.7211157966102204
0.7355609932071085
0.7497350367471556
0.7636275587862156
0.7772282464432716
0.7905267470860768
0.8035127443387895
0.8161758774837123
0.8285055076636523
0.8404907768565675
0.8521213757709161
0.8633867225557249
0.8742762399670797
0.8847791736008406
0.894884449681093
0.9045807686298067
0.9138564133182485
0.9226995081808437
0.9310976654204585
0.9390339620109851
0.9464746921599505
0.9533977338131113
0.9597927326184019
0.9656612277532189
0.9710097433614182
0.9758480953223826
0.9801898829505993
0.9840515476545428
0.9874525609736555
0.9904151869520654
0.992956490222004
0.9951061239237246
0.9968802703133179
0.9982800422135614
0.9992985250583662
0.9999092981369607
0.999999999937942
1.0000000001545608
1.0000000005020386
1.0000000022053468
1.0000000005057452
1.0000000001150227
0.9999999997578748
0.9999999996830562
1.0000000001813698
0.9999999998694918
0.9999999999442456
1.000000000008128
0.9999999999330671
1.0000000000530813
1.0000000008001864
1.000000000442669
1.0000000007105103
1.000000000618994
1.0000000007962357
1.000000000696964
1.000000000369027
1.0000000002096305
1.0000000015548691
1.000000000711609
1.0000000007437553
1.000000000520315
0.9999999997611824
0.999999997722104
0.9999999998576872
0.9999999996591079
0.9999999997320279
0.9999999998254046
0.9999999992359636
0.9999999995633061
1.0000000000226086
0.9999999999456769
0.9999999999215569
1.0000000002560818
1.0000000004188292
1.0000000002187905
1.0000000002540812
1.0000000004636311
1.0000000003720677