0.3010348453235301
0.314935649943828
0.3314105648941647
0.3509131453015756
0.3623328836620876
0.38569625488306697
0.3950763974787063
0.42007655260819604
0.4335080287725451
0.44537958162580876
0.4655662463715036
0.4884140757454535
0.494729668226335
0.5108065700659348
0.518291631821063
0.5359321420298814
0.5634986039786708
0.5761902955915169
0.5866223214425867
0.6054046178021689
0.6180034813597652
0.6293614249870608
0.6403442429647845
0.6594632949465743
0.6697863850346469
0.6816697951981125
0.6899688415893663
0.6903542248098876
0.7111480148573947
0.7252808157058457
0.7313673989444406
0.7431468709113115
0.7549924703851284
0.764313307803752
0.7733799309688735
0.7821720316768566
0.790704864517961
0.7989832799403098
0.8070155139499129
0.8148045665041348
0.8223658523070113
0.8296819748768368
0.8367845963081252
0.8436603611295949
0.850324713821007
0.8568301662642201
0.8630538697565919
0.8691038605010174
0.8749697999619881
-1
0.8861479202491351
0.8917935482618228
0.8966160207996902
0.9015955670241894
0.906414982509948
0.9110664308486958
0.9155778954575593
0.9199142578434926
0.9241148655564215
0.9281704123366675
0.9320826200964414
0.9358802016384264
0.9395013803394072
0.943012669157118
0.9463930308398962
0.9496549443988712
0.9528025178774668
0.9558008042579301
0.9586972756873452
0.9614768916083818
0.9641486971683799
0.96670514101962
0.9691899466274962
0.9715011192367582
0.9737430806686048
0.9758892591909389
0.9779219276287154
0.9798590345771672
0.9817047119229869
0.9834488433653462
0.9851021545587234
0.9866700720792712
0.9881365934809471
0.9895132950593301
0.9908004483191801
0.9920535499799941
0.993119336981409
-1
0.9950971570113946
0.9959485017661551
0.9967202902884195
0.9974114489749445
0.9980248359639502
0.9994932297934487
0.9990238157475512
0.9993598358909049
0.999639325856104
0.999840347848161
0.9999626705721242
1.000002212077914