0.29690911762061833
0.31493541965199057
0.33292172387681923
0.35082861802974946
0.36862012501763963
0.38626362496599287
0.40372974867217915
0.42099225092491205
0.4380278664337617
0.4548161562328902
0.4713393423069119
0.4875821455151318
0.5035315911049862
0.5191768710657743
0.5345091563607695
0.5495214377015243
0.5642083674357184
0.5785661079201632
0.5925921871060317
0.606285361947503
0.6196454899237985
0.6326734088324427
0.6453708248520612
0.6577402087127661
0.6697846998814843
0.6815080185189777
0.692914382005318
0.7040084426042513
0.7147952034097168
0.7252799689976939
0.7354682866625222
0.7453658988026509
0.7549786982281755
0.7643126878525601
0.7733739456506472
0.7821685932955195
0.7907027684390538
0.7989826003064741
0.8070141883031776
0.8148035833563131
0.8223567717267665
0.8296796610617532
0.8367780684535893
0.8436577103576215
0.8503241940410842
0.8567830105260327
0.8630395288591126
0.8690989914895283
0.8749665106750428
0.8806470657984987
0.8861455014727101
0.8914665263265443
0.896614712422863
0.9015944951963528
0.9064101738512426
0.9110659121540442
0.9155657395654808
0.919913552657929
0.9241131153652282
0.9281680667568517
0.9320819137559807
0.935858039739713
0.9394997052410041
0.9430100502670073
0.9463920965514033
0.949648750066201
0.95278280346102
0.9557969385209152
0.9586937286076483
0.9614756410800589
0.9641450396858923
0.9667041869115582
0.9691552462600648
0.9715002845243067
0.9737412739697034
0.9758800944570036
0.9779185354951079
0.9798582982254547
0.981700997329865
0.9834481628640662
0.9851012420130101
0.9866616007652401
0.9881305255086911
0.9895092245447671
0.9907988295129885
0.9920003967475621
0.9931149085400239
0.9941432743224213
0.9950863317673336
0.9959448478050431
0.9967195195588328
0.9974109751981791
0.9980197747074747
0.9985464105751121
0.9989913084001241
0.9993548274174198
0.9996372609417831
0.9998388367308649
0.9999597172672446
0.9999999999601477