0.41583177615776884
0.4367912168041099
0.4573646630115446
0.47758461357729776
0.49745856291727375
0.5169806413933887
0.5361369635861798
0.5549088616741211
0.5732743475564164
0.5913521119697571
0.6092725454835217
0.6270178869566788
0.6445004224819441
0.661640346016138
0.678485976223025
0.6951157521478211
0.7115138343812702
0.7276619313949925
0.743540960985387
0.7591309338370101
0.774410989590776
0.7893594039334436
0.8039536355895613
0.8181704193482616
0.8319858923174607
0.8453758187153217
0.858315818918223
0.8707817172230461
0.8827499121554664
0.8941978141791473
0.9051042916033403
0.9154501289542558
0.9251961158449362
0.9343159687059156
0.9428535868276604
0.9507973940230561
0.9581389444262588
0.9648729958974535
0.9709974849937429
0.9765133159101651
0.9814241028897052
0.9857358285399971
0.9894564631506548
0.9925956129268854
0.9951641446452608
0.997173879887158
0.9986372803502991
0.9995672076548044
0.9999766885946454
0.9999999999558922
0.9999999999852499
0.9999999995200087
0.9999999999882005
0.9999999983925213
1.0000000000279283
1.0000000000781104
1.0000000000313087
0.999999999701866
0.9999999999659847
0.9999999999418652
0.9999999990125958
0.9999999999099242
0.9999999999471842
0.9999999999222097
0.9999999976071094
0.9999999991396167
0.9999999996820156
0.9999999998648459
0.9999999999291472
0.9999999999549085
0.9999999999676601
0.9999999999757426
0.999999998788633
0.9999999991543959
0.9999999994393248
0.9999999996045075
0.9999999995937571
0.9999999993693129
0.9999999990140107
0.9999999987116671
0.9999999986182371
0.9999999988663616
0.9999999992237159
0.999999999291381
0.9999999993911705
0.999999999591033
0.999999999741968
0.9999999998210227
0.9999999998519974
0.9999999998776653
0.9999999999071899
0.9999999999281719
0.9999999999456581
0.9999999999650545
0.9999999999669679
0.9999999999718235
0.9999999985197839
0.9999999994046205
0.9999999998456431
0.9999999999515975