0.15707963267948966
0.16342628450492358
0.1697729363303575
0.17611958815579143
0.18246623998122535
0.18881289180665928
0.1951595436320932
0.20150619545752713
0.20785284728296105
0.21419949910839498
0.2205461509338289
0.22689280275926282
0.23323945458469675
0.23958610641013067
0.2459327582355646
0.2522794100609985
0.25862606188643245
0.26497271371186637
0.2713193655373003
0.2776660173627342
0.28401266918816814
0.29035932101360207
0.296705972839036
0.3030526246644699
0.30939927648990384
0.31574592831533776
0.3220925801407717
0.3284392319662056
0.33478588379163954
0.34113253561707346
0.3474791874425074
0.3538258392679413
0.36017249109337524
0.36651914291880916
0.3728657947442431
0.379212446569677
0.38555909839511093
0.39190575022054486
0.39825240204597884
0.40459905387141276
0.4109457056968467
0.4172923575222806
0.42363900934771453
0.42998566117314846
0.4363323129985824
0.4426789648240163
0.44902561664945023
0.45537226847488416
0.4617189203003181
0.468065572125752
0.47441222395118593
0.4807588757766198
0.4871055276020538
0.49345217942748776
0.4997988312529216
0.5061454830783555
0.5124921349037894
0.5188387867292235
0.5251854385546573
0.5315320903800913
0.5378787422055251
0.5442253940309592
0.550572045856393
0.556918697681827
0.5632653495072608
0.5696120013326949
0.5759586531581287
0.5823053049835627
0.5886519568089965
0.5949986086344305
0.6013452604598644
0.6076919122852984
0.6140385641107322
0.6203852159361662
0.6267318677616001
0.6330785195870341
0.639425171412468
0.6457718232379019
0.6521184750633359
0.6584651268887697
0.6648117787142037
0.6711584305396376
0.6775050823650716
0.6838517341905055
0.6901983860159394
0.6965450378413733
0.7028916896668073
0.7092383414922412
0.7155849933176751
0.721931645143109
0.728278296968543
0.7346249487939769
0.7409716006194108
0.7473182524448447
0.7536649042702787
0.7600115560957126
0.7663582079211465
0.7727048597465804
0.7790515115720144
0.7853981633974483