0.9155151782031749
0.9175398713341467
0.9195534568078432
0.9215567119950178
0.9235503030877965
0.925534731830338
0.9275104381219593
0.9294777660702841
0.9314369853147973
0.9333883288757698
0.9353319505209193
0.9372680154872959
0.9391965872344294
0.9411177509313091
0.9430315535019862
0.9449380199848947
0.9468371624979919
0.9487289657152547
0.9506134251006841
0.9524905025939039
0.9543601600155599
0.9562223559852462
0.9580770223759437
0.9599241114552571
0.9617635761263806
0.9635953231356263
0.965419299621818
0.9672354330121757
0.9690436561812736
0.9708439095064398
0.9726361117240166
0.9744202017280302
0.9761960954112737
0.9779637493446606
0.9797230525926237
0.9814739146464694
0.9832165772244705
0.9849512966097422
0.986677503132584
0.9883947112751019
0.990102800730548
0.9918029866603899
0.9934955233442874
0.9951805487931915
0.9968582188445312
0.9985283718850961
0.9999999930001138
0.999999995088627
0.9999999960289504
0.999999995047148
0.9999999937061355
0.9999999990451209
0.9999999925799496
0.9999999862776813
0.9999999994450499
0.9999999956642682
0.999999999200795
0.9999999959294525
0.9999999973263651
0.9999999971593652
0.9999999973183735
0.9999999994495465
0.9999999992905406
0.9999999995965296
0.9999999995408755
0.9999999998617342
1.0000000009743264
1.0000000019488575
1.0000000022157123
1.0000000005269687
1.0000000001967027
0.999999999339197
0.9999999988669244
0.9999999989740239
0.9999999992547406
0.9999999995147666
0.999999999800194
1.000000000183517
1.0000000004553873
1.0000000006300875
1.0000000007594596
1.0000000008359342
1.0000000008541674
1.0000000008388739
1.0000000007335077
1.000000000541438
1.000000000209192
1.000000000657011
1.0000000007878862
1.000000000518672
1.0000000002597347
1.0000000001697191
1.0000000002649891
1.0000000000237639
1.0000000000735731
1.0000000000821803
0.9999999999392459
1.0000000000409897
0.999999999909159
1.0000000004253158