0.8985005747572886
0.9169660435337694
0.9096394530073928
0.9143681234315562
0.9134819579870819
0.9187168753146737
0.9136386843211532
0.9280422937975967
0.9186057062624046
0.9290183218122426
0.923850189549675
0.9052021624890794
0.931315110762624
0.9177787314476324
0.9209323256712789
-1.0
0.9303871956387464
0.921395593743573
0.9318303120843795
0.9402962179340939
0.9463064411567278
0.9492607613510174
0.9362157911177111
0.9399285664716585
0.953032022117113
0.9435503105312849
0.9363556485297341
0.9532659587292855
0.9469764607704202
0.942898400072977
0.9526747195913142
0.9426708079929054
0.9476179920392999
0.9466148926055569
0.9485685130064542
0.9485952097675912
0.9580147866567587
0.9591052888303184
0.955027830328891
0.9530140110630223
0.9617418954288379
0.9643602245488521
0.9592668134026703
0.9623832824424333
0.9657315545993552
0.967810680026167
0.9666716221588262
0.9681084975864237
0.975192612860921
0.9799521359001911
0.9731011432662307
0.9738161216803073
0.9699753094943099
0.9768681513828802
0.9737415118861501
0.9817639354160536
0.9788997046601821
0.9803903413617948
0.9788283870733415
0.9766953949198472
0.9814208245369853
0.9838090113855228
0.9798516041384321
0.9823619856620758
0.9838880191395063
0.9823072696914069
0.9884205112904754
0.983759501344608
0.9837304816440121
0.9895142249584632
0.9848276408611168
0.983433463753938
0.9858145889135584
0.9905780521266929
0.9934005079238808
0.9872291254810427
0.9873448442436984
0.9896613346630427
0.9898256047808663
0.9890488168514915
0.9959335826670589
0.9941391949061741
0.9917490487148201
0.9940019417137561
0.9970278322279856
0.9961514181362008
0.9942802358881577
0.9988281070155932
0.9954916301409599
0.9959126938899818
0.996960751364635
0.9973117608657333
0.997307118238278
0.9980987763042681
1.0
0.9979202843646735
0.9989962328013616
0.9995048538321878
0.9998697913686233
1.0000001447241282