0.914806338652411
0.916706339016122
0.918579390054829
0.920425726680045
0.9222455817740148
0.9240391861458153
0.9258067682806747
0.927548553103341
0.9292647636780459
0.9309556316452422
0.9326213696462086
0.9342621952983252
0.9358783239054137
0.9374699684364468
0.939037339161584
0.9405806451495264
0.9421000912969746
0.9435958802077187
0.9450682140862244
0.9465172909219203
0.9479433053124744
0.9493464531677074
0.9507269241008934
0.9520849061596255
0.9534205850925946
0.9547341441453524
0.9560257643866149
0.9572956237991377
0.9585438952114266
0.9597707605787054
0.9609763808603357
0.9621609282801504
0.9633245648489627
0.9644674596200897
0.965589764591406
0.9666916452377347
0.9677732515541875
0.9688347405716491
0.9698762564456256
0.9708979490516625
0.9718999631287274
0.9728824408468617
0.9738455218058648
0.9747893429647416
0.9757140388578183
0.9766197414005489
0.9775065800023327
0.9783746817501064
0.979224170462158
0.9800551679815822
0.9808677933744526
0.9816621635321844
0.9824383927704757
0.9831965924413997
0.9839368713633387
0.9846593371428151
0.9853640936603629
0.986051242603083
0.9867208832253954
0.9873731122830429
0.9880080241488518
0.9886257107263465
0.9892262614851351
0.9898097634419201
0.9903763012474106
0.990925957028761
0.9914588106336999
0.991974939499025
0.9924744183717973
0.9929573199124837
0.9934237145908263
0.9938736698200357
0.994307251020501
0.9947245215007633
0.9951255442476107
0.995510373864094
0.9958790680957142
0.9962316806480542
0.9965682629003959
0.9968888639184877
0.9971935304482423
0.9974823069307117
0.997755235479443
0.9980123533255219
0.9982537044739261
0.9984793199202056
0.9986892319649899
0.9988834721121169
0.9990620688992529
0.9992250483954338
0.9993724344037794
0.9995042483396139
0.9996205092594255
0.9997212336573262
0.9998064339677771
0.9998761329220527
0.9999303305008633
0.999969037659259
0.9999922535325168
0.9999999997957943