0.9382188663236354
0.9415590875787327
0.9449112852334804
0.9482753510177288
0.9516511749918557
0.9550386471095762
0.9584376569962865
0.961848092491366
0.9652698445715547
0.968702798176205
0.972146843917042
0.975601869747832
0.9790677624403611
0.9825444098522425
0.9860316876036466
0.9895295074862968
0.9930377312061545
0.9965562524974553
0.9999999954549192
0.9999999970793645
0.9999999981684239
0.9999999985057579
0.9999999990593061
0.9999999994758235
0.9999999997967612
0.9999999969296602
0.9999999970725555
0.9999999994534018
0.999999994269537
0.9999999988307672
0.9999999996375483
0.9999999998029474
0.9999999998772927
0.9999999994536604
0.9999999975097762
0.999999999400524
0.9999999985076523
0.9999999998244615
0.9999999997445876
0.9999999998488219
0.9999999999183805
0.9999999951985878
0.9999999959496187
0.9999999957610683
0.999999995380032
0.9999999953671254
0.9999999955739599
0.9999999959030936
0.999999996295865
0.9999999967188513
0.9999999971480759
0.9999999975795851
0.9999999979745878
0.999999998245164
0.9999999982363662
0.9999999978188817
0.999999996871482
0.999999995599974
0.9999999943144738
0.9999999934185219
0.9999999999163448
0.9999999999250788
0.999999999933441
0.9999999949399071
0.9999999966687012
0.9999999981795722
0.9999999984172957
0.9999999984999356
0.999999998426849
0.9999999982866014
0.9999999981827017
0.9999999981811388
0.9999999982889458
0.9999999984689195
0.9999999986739497
0.99999999887923
0.9999999990994047
0.999999999218434
0.9999999995830899
0.9999999996666055
0.9999999998023613
0.999999999845276
0.9999999998039454
0.9999999998115312
0.9999999998921636
0.999999999808223
0.9999999996680728
0.9999999997242592
0.9999999997705433
0.9999999998196251
0.9999999997573505
0.9999999996022029
0.9999999996610567
0.999999999726877
0.999999999796718
0.9999999911242891
0.999999994608506
0.9999999972270809
0.9999999989831111
0.9999999997553098