0.7904448989284261
0.7943135541739992
0.7981608914011948
0.8019861906404214
0.8057886810383714
0.8095675689257579
0.8133220992043548
0.8170516923890777
0.820755923400407
0.8244344423238449
0.8280869335866611
0.8317130881440109
0.835312579522832
0.8388850743744063
0.8424302121078335
0.8459476097518333
0.8494368701583097
0.8528975808691668
0.8563293331327283
0.8597317264996934
0.8631043806880232
0.8664469428495372
0.8697591016503537
0.8730380973934597
0.876282586956858
0.8794952129515865
0.8826757108756439
0.8858195984702062
0.8889244931275961
0.8919527873564062
0.8949052314450021
0.8978303755948697
0.9007313876850873
0.9036080580706624
0.9064601341497773
0.9092873182323377
0.9120892629639669
0.9148652464962532
0.9176143990488591
0.920336196791632
0.9230300418018642
0.9256952626639129
0.9283310958979814
0.930936648827424
0.9335108559774561
0.9360525318771186
0.9385603492765378
0.9410327484551999
0.9434679178948883
0.9458638015786488
0.9482180309580721
0.9505279284330647
0.952790511787179
0.9550025811094992
0.9571613169200608
0.95926339427473
0.961305371048714
0.9632836962527394
0.9651952429720954
0.9670389559067375
0.9688150198384706
0.9705254657369646
0.9721718800648228
0.973755920206784
0.9752794702121211
0.9767444805091059
0.9781529127787852
0.9795065748793781
0.9808074417761786
0.982058548284165
0.9832600786370659
0.9844125311482739
0.9855173096277354
0.9865761013839024
0.9875903162983628
0.988561022570786
0.9894891830645157
0.9903756494959071
0.991221189534094
0.9920264054501229
0.992791804959749
0.9935179251209788
0.9942052196072381
0.9948540493915454
0.9954646373958973
0.9960371469043796
0.9965717615217677
0.9970686197803444
0.9975275810917749
0.99794856567044
0.9983313940991413
0.9986757840408483
0.9989814377765797
0.9992480038718354
0.9994750093520107
0.9996620541804124
0.9998086777251313
0.9999143900223258
0.999978414822105
0.9999999997806608