0.7713357790012337
0.775866323640082
0.791007041089099
0.7825961306149936
0.7816653672723874
0.7827954575136553
0.786614060510545
0.7924741727226117
0.7903089510000826
0.8056801431682732
0.7990873043002845
0.821548747855746
0.8090110593420652
0.8102964684944075
0.8225701297526266
0.8151339727051716
0.8281275840231891
0.8241590225468519
0.8174389639653239
0.8298035024931827
0.85116174035426
0.8545433602379761
0.8480667092424178
0.8309191902541683
0.8322444636428704
0.8723953447327177
0.8482305492168484
0.8616383908505231
0.8501882104618698
0.8496594634778208
0.8694456414999441
0.8604483487839402
0.8672222225357026
0.8594030423418765
0.8596419770200063
0.8739966293508147
0.8830602465625844
0.8651880016298683
0.8802878949587839
0.891889177627663
0.870401773824773
0.9063112266938559
0.8980934575210553
0.896015178904317
0.9030135664728278
0.8998776521615174
0.9145646689726199
0.9023639006713321
0.9040864915771414
0.8961122928766415
0.9058628254139899
0.9062176486794437
0.9202920159486347
0.9211418415560652
0.9021573463963923
0.9256951122819488
0.9256114918315643
0.9387368067035072
0.9367340049978894
0.9282267639969187
0.9257800665327631
0.9441141039332864
0.9496288347443773
0.9424172647531208
0.9607986945223695
0.9425159281916361
0.9338193150089404
0.9257240538349643
0.9475355699643575
0.9677491966999591
0.9428847646578398
0.9392120373347567
0.9582248120103336
0.9407387944229905
0.9369657494297159
0.9748319691557376
0.9514430838941126
0.9720535567170835
0.9578946625147957
0.963052106077557
0.9723034158380078
0.9628364350047988
0.9701199564407323
0.9479263469586268
0.9654362981907049
0.9722956010649471
0.993132003391281
0.9769640032206492
0.9611351545872424
0.9946433178188825
0.975325526743814
0.9846988799854682
0.981675796693923
0.9745026271479509
0.9858443210193945
0.9786280794073197
0.9671315409020564
0.9741480543879628
0.9874852768599913
1.0