0.7868883971672391
0.7907821542406988
0.7946500655489686
0.7984915829486046
0.8023061481511717
0.8060931961850087
0.8098521878694813
0.8135825990609618
0.8172839154969513
0.8209556361992314
0.8245972727541622
0.8282083508177063
0.8317884111019269
0.8353370102333942
0.838853721523708
0.8423380401816623
0.8457855938323291
0.8491938758753876
0.8525624812664155
0.8558910210525992
0.8591791621379224
0.8624267178637494
0.8656339703759562
0.8688032510214659
0.8719339589412295
0.875012869434702
0.878037357685157
0.8810092840724977
0.8839305318226969
0.8868028836092969
0.8896289114571043
0.8924114010440891
0.8951523183023758
0.897854133146925
0.9005259721945406
0.9031701155938301
0.9057864614119436
0.9083749007646236
0.9109353106970183
0.9134675534122207
0.9159714787242861
0.9184469213277769
0.920893702012647
0.9233116275889418
0.9257004909290844
0.9280600709086656
0.9303901267701908
0.9326904190457418
0.9349606785181094
0.9372006270847147
0.9394099724032843
0.9415884072588638
0.9437356105965201
0.9458512439080186
0.9479349665246776
0.9499864035325836
0.9520051759880035
0.9539908991609362
0.9559431550114817
0.9578615217674663
0.9597455613897281
0.9615948211700348
0.9634088308429534
0.9651871009934269
0.9669291498541233
0.96863444068781
0.970302453978256
0.9719326405951173
0.9735244396870099
0.975077273162063
0.97659054322849
0.9780636453001341
0.9794959546519344
0.9808868271032809
0.9822356036169176
0.9835416103818808
0.9848041466877747
0.9860225192216944
0.9871959943295737
0.9883238298488969
0.9894052684624607
0.99043953220394
0.9914258263640217
0.9923633412423323
0.993251248129662
0.9940887042323728
0.9948748367248016
0.9956087824380976
0.9962896303437522
0.9969164646685944
0.9974883550435814
0.9980043512960609
0.998463475736625
0.998864752734023
0.9992071774578999
0.9994897138029099
0.9997113307459907
0.9998709631173881
0.9999675525699215
0.9999999999757824