0.8415579606898607
0.8453717120235995
0.8491973509876932
0.8530347456228144
0.8568837642859172
0.8607442755908737
0.8646161479470692
0.8684992498565696
0.8723934481555939
0.8762986113489163
0.8802146075846948
0.8841413039944404
0.8880785700517045
0.8920262717370094
0.8959842747107952
0.8999524468658083
0.9039306581247694
0.9079187727243814
0.9119166574514689
0.9159241794262802
0.9199412061173109
0.923967602406452
0.9280032371218275
0.9320479716554658
0.9361016765902833
0.9401642161127185
0.9442354555775967
0.9483152624988415
0.9524035011770215
0.9565000383138732
0.9606047386046986
0.9647174670967683
0.9688380887157296
0.9729664702137807
0.9771021502943433
0.9812288526846924
0.9853374748733227
0.9894278874350155
0.9934999549015456
0.9975535379436027
0.9999999998662915
0.9999999991767006
0.9999999995862626
0.9999999997958718
0.9999999998634664
0.9999999998724834
0.9999999998710222
0.9999999998337877
0.999999999746833
0.9999999997361332
0.9999999997522512
0.9999999997791946
0.9999999998118513
0.999999999846891
0.9999999998818787
0.9999999999105394
0.9999999999403608
0.9999999999633603
0.9999999988841541
0.9999999993835008
0.9999999996777473
0.9999999998401038
0.9999999999175155
0.9999999999353285
0.999999999942656
0.9999999999473718
0.9999999999466478
0.9999999999494474
0.9999999999549767
0.9999999999663125
0.9999999999827044
0.9999999996500429
0.9999999999752164
0.9999999999520529
0.9999999999409408
0.9999999999330887
0.9999999999558693
0.9999999999652445
0.9999999999736986
0.9999999999831523
0.9999999999862325
0.9999999999904535
0.9999999999915846
0.9999999993519402
0.9999999994904042
0.9999999996859213
0.9999999998422824
0.9999999998670915
0.9999999998766739
0.9999999998779074
0.9999999998760151
0.9999999998759098
0.9999999998803514
0.9999999998918541
0.999999999910894
0.9999999999359114
0.9999999999597645
0.9999999986759647
0.9999999996548677
0.9999999999403053