0.5026548245743669
0.5055108178958122
0.5083668112172575
0.5112228045387027
0.514078797860148
0.5169347911815932
0.5197907845030385
0.5226467778244838
0.525502771145929
0.5283587644673743
0.5312147577888195
0.5340707511102649
0.5369267444317102
0.5397827377531554
0.5426387310746007
0.545494724396046
0.5483507177174912
0.5512067110389365
0.5540627043603817
0.556918697681827
0.5597746910032723
0.5626306843247175
0.5654866776461628
0.568342670967608
0.5711986642890533
0.5740546576104986
0.5769106509319438
0.5797666442533891
0.5826226375748343
0.5854786308962796
0.588334624217725
0.5911906175391701
0.5940466108606155
0.5969026041820608
0.599758597503506
0.6026145908249513
0.6054705841463965
0.6083265774678418
0.6111825707892871
0.6140385641107323
0.6168945574321776
0.6197505507536228
0.6226065440750681
0.6254625373965134
0.6283185307179586
0.6311745240394039
0.6340305173608491
0.6368865106822944
0.6397425040037397
0.642598497325185
0.6454544906466302
0.6483104839680756
0.6511664772895208
0.6540224706109661
0.6568784639324113
0.6597344572538566
0.6625904505753019
0.6654464438967471
0.6683024372181924
0.6711584305396376
0.6740144238610829
0.6768704171825282
0.6797264105039734
0.6825824038254187
0.6854383971468639
0.6882943904683092
0.6911503837897545
0.6940063771111997
0.6968623704326451
0.6997183637540902
0.7025743570755356
0.7054303503969809
0.7082863437184261
0.7111423370398713
0.7139983303613167
0.7168543236827619
0.7197103170042072
0.7225663103256524
0.7254223036470977
0.728278296968543
0.7311342902899882
0.7339902836114335
0.7368462769328787
0.739702270254324
0.7425582635757693
0.7454142568972146
0.7482702502186598
0.7511262435401052
0.7539822368615503
0.7568382301829957
0.7596942235044408
0.7625502168258862
0.7654062101473313
0.7682622034687767
0.7711181967902219
0.7739741901116672
0.7768301834331125
0.7796861767545578
0.782542170076003
0.7853981633974483